-1.70394,-1.70394
-1.70394,-0.851969
-1.70394,0
-1.70394,25.4
-1.70394,50.8
-1.70394,76.2
-1.70394,101.6
-1.70394,127
-1.70394,152.4
-1.70394,177.8
-1.70394,203.2
-1.70394,228.6
-1.70394,254
-1.70394,279.4
-1.70394,304.8
-1.70394,330.2
-1.70394,355.6
-1.70394,381
-1.70394,406.4
-1.70394,431.8
-1.70394,457.2
-1.70394,482.6
-1.70394,508
-1.70394,508.852
-1.70394,509.704
-0.851969,-1.70394
-0.851969,-0.851969
-0.851969,0
-0.851969,25.4
-0.851969,50.8
-0.851969,76.2
-0.851969,101.6
-0.851969,127
-0.851969,152.4
-0.851969,177.8
-0.851969,203.2
-0.851969,228.6
-0.851969,254
-0.851969,279.4
-0.851969,304.8
-0.851969,330.2
-0.851969,355.6
-0.851969,381
-0.851969,406.4
-0.851969,431.8
-0.851969,457.2
-0.851969,482.6
-0.851969,508
-0.851969,508.852
-0.851969,509.704
0,-1.70394
0,-0.851969
0,0
0,25.4
0,50.8
0,76.2
0,101.6
0,127
0,152.4
0,177.8
0,203.2
0,228.6
0,254
0,279.4
0,304.8
0,330.2
0,355.6
0,381
0,406.4
0,431.8
0,457.2
0,482.6
0,508
0,508.852
0,509.704
0.0635,-1.70394
0.0635,-0.851969
0.0635,0
0.0635,25.9401
0.0635,51.8803
0.0635,77.8204
0.0635,103.761
0.0635,129.701
0.0635,155.641
0.0635,181.581
0.0635,207.521
0.0635,233.461
0.0635,259.401
0.0635,285.341
0.0635,311.282
0.0635,337.222
0.0635,363.162
0.0635,389.102
0.0635,415.042
0.0635,440.982
0.0635,466.922
0.0635,492.862
0.0635,518.803
0.0635,519.655
0.0635,520.507
0.12835,-1.70394
0.12835,-0.851969
0.12835,0
0.12835,26.4917
0.12835,52.9835
0.12835,79.4752
0.12835,105.967
0.12835,132.459
0.12835,158.95
0.12835,185.442
0.12835,211.934
0.12835,238.426
0.12835,264.917
0.12835,291.409
0.12835,317.901
0.12835,344.393
0.12835,370.884
0.12835,397.376
0.12835,423.868
0.12835,450.36
0.12835,476.851
0.12835,503.343
0.12835,529.835
0.12835,530.687
0.12835,531.539
0.19458,-1.70394
0.19458,-0.851969
0.19458,0
0.19458,27.0551
0.19458,54.1102
0.19458,81.1653
0.19458,108.22
0.19458,135.275
0.19458,162.331
0.19458,189.386
0.19458,216.441
0.19458,243.496
0.19458,270.551
0.19458,297.606
0.19458,324.661
0.19458,351.716
0.19458,378.771
0.19458,405.826
0.19458,432.881
0.19458,459.937
0.19458,486.992
0.19458,514.047
0.19458,541.102
0.19458,541.954
0.19458,542.806
0.262217,-1.70394
0.262217,-0.851969
0.262217,0
0.262217,27.6304
0.262217,55.2608
0.262217,82.8913
0.262217,110.522
0.262217,138.152
0.262217,165.783
0.262217,193.413
0.262217,221.043
0.262217,248.674
0.262217,276.304
0.262217,303.935
0.262217,331.565
0.262217,359.195
0.262217,386.826
0.262217,414.456
0.262217,442.087
0.262217,469.717
0.262217,497.348
0.262217,524.978
0.262217,552.608
0.262217,553.46
0.262217,554.312
0.331293,-1.70394
0.331293,-0.851969
0.331293,0
0.331293,28.218
0.331293,56.436
0.331293,84.6539
0.331293,112.872
0.331293,141.09
0.331293,169.308
0.331293,197.526
0.331293,225.744
0.331293,253.962
0.331293,282.18
0.331293,310.398
0.331293,338.616
0.331293,366.834
0.331293,395.052
0.331293,423.27
0.331293,451.488
0.331293,479.706
0.331293,507.924
0.331293,536.142
0.331293,564.359
0.331293,565.211
0.331293,566.063
0.401838,-1.70394
0.401838,-0.851969
0.401838,0
0.401838,28.8901
0.401838,57.7803
0.401838,86.6704
0.401838,115.561
0.401838,144.451
0.401838,173.341
0.401838,202.231
0.401838,231.121
0.401838,260.011
0.401838,288.901
0.401838,317.792
0.401838,346.682
0.401838,375.572
0.401838,404.462
0.401838,433.352
0.401838,462.242
0.401838,491.132
0.401838,520.022
0.401838,548.913
0.401838,577.803
0.401838,578.655
0.401838,579.507
0.474064,-1.70394
0.474064,-0.851969
0.474064,0
0.474064,30.0936
0.474064,60.1872
0.474064,90.2809
0.474064,120.374
0.474064,150.468
0.474064,180.562
0.474064,210.655
0.474064,240.749
0.474064,270.843
0.474064,300.936
0.474064,331.03
0.474064,361.124
0.474064,391.217
0.474064,421.311
0.474064,451.404
0.474064,481.498
0.474064,511.592
0.474064,541.685
0.474064,571.779
0.474064,601.872
0.474064,602.724
0.474064,603.576
0.549298,-1.70394
0.549298,-0.851969
0.549298,0
0.549298,31.3895
0.549298,62.7791
0.549298,94.1686
0.549298,125.558
0.549298,156.948
0.549298,188.337
0.549298,219.727
0.549298,251.116
0.549298,282.506
0.549298,313.895
0.549298,345.285
0.549298,376.674
0.549298,408.064
0.549298,439.453
0.549298,470.843
0.549298,502.232
0.549298,533.622
0.549298,565.011
0.549298,596.401
0.549298,627.791
0.549298,628.643
0.549298,629.495
0.627772,-1.70394
0.627772,-0.851969
0.627772,0
0.627772,32.7348
0.627772,65.4697
0.627772,98.2045
0.627772,130.939
0.627772,163.674
0.627772,196.409
0.627772,229.144
0.627772,261.879
0.627772,294.614
0.627772,327.348
0.627772,360.083
0.627772,392.818
0.627772,425.553
0.627772,458.288
0.627772,491.023
0.627772,523.757
0.627772,556.492
0.627772,589.227
0.627772,621.962
0.627772,654.697
0.627772,655.549
0.627772,656.401
0.709609,-1.70394
0.709609,-0.851969
0.709609,0
0.709609,34.1195
0.709609,68.239
0.709609,102.359
0.709609,136.478
0.709609,170.598
0.709609,204.717
0.709609,238.837
0.709609,272.956
0.709609,307.076
0.709609,341.195
0.709609,375.315
0.709609,409.434
0.709609,443.554
0.709609,477.673
0.709609,511.793
0.709609,545.912
0.709609,580.032
0.709609,614.151
0.709609,648.271
0.709609,682.39
0.709609,683.242
0.709609,684.094
0.794908,-1.70394
0.794908,-0.851969
0.794908,0
0.794908,35.5774
0.794908,71.1549
0.794908,106.732
0.794908,142.31
0.794908,177.887
0.794908,213.465
0.794908,249.042
0.794908,284.619
0.794908,320.197
0.794908,355.774
0.794908,391.352
0.794908,426.929
0.794908,462.507
0.794908,498.084
0.794908,533.661
0.794908,569.239
0.794908,604.816
0.794908,640.394
0.794908,675.971
0.794908,711.549
0.794908,712.401
0.794908,713.253
0.883851,-1.70394
0.883851,-0.851969
0.883851,0
0.883851,37.1283
0.883851,74.2567
0.883851,111.385
0.883851,148.513
0.883851,185.642
0.883851,222.77
0.883851,259.898
0.883851,297.027
0.883851,334.155
0.883851,371.284
0.883851,408.412
0.883851,445.54
0.883851,482.669
0.883851,519.797
0.883851,556.925
0.883851,594.054
0.883851,631.182
0.883851,668.31
0.883851,705.439
0.883851,742.567
0.883851,743.419
0.883851,744.271
0.976672,-1.70394
0.976672,-0.851969
0.976672,0
0.976672,38.7549
0.976672,77.5099
0.976672,116.265
0.976672,155.02
0.976672,193.775
0.976672,232.53
0.976672,271.285
0.976672,310.039
0.976672,348.794
0.976672,387.549
0.976672,426.304
0.976672,465.059
0.976672,503.814
0.976672,542.569
0.976672,581.324
0.976672,620.079
0.976672,658.834
0.976672,697.589
0.976672,736.344
0.976672,775.099
0.976672,775.951
0.976672,776.803
1.07356,-1.70394
1.07356,-0.851969
1.07356,0
1.07356,40.4528
1.07356,80.9056
1.07356,121.358
1.07356,161.811
1.07356,202.264
1.07356,242.717
1.07356,283.169
1.07356,323.622
1.07356,364.075
1.07356,404.528
1.07356,444.981
1.07356,485.433
1.07356,525.886
1.07356,566.339
1.07356,606.792
1.07356,647.245
1.07356,687.697
1.07356,728.15
1.07356,768.603
1.07356,809.056
1.07356,809.908
1.07356,810.76
1.17469,-1.70394
1.17469,-0.851969
1.17469,0
1.17469,42.225
1.17469,84.45
1.17469,126.675
1.17469,168.9
1.17469,211.125
1.17469,253.35
1.17469,295.575
1.17469,337.8
1.17469,380.025
1.17469,422.25
1.17469,464.475
1.17469,506.7
1.17469,548.925
1.17469,591.15
1.17469,633.375
1.17469,675.6
1.17469,717.825
1.17469,760.05
1.17469,802.275
1.17469,844.5
1.17469,845.352
1.17469,846.204
1.28025,-1.70394
1.28025,-0.851969
1.28025,0
1.28025,44.0749
1.28025,88.1498
1.28025,132.225
1.28025,176.3
1.28025,220.374
1.28025,264.449
1.28025,308.524
1.28025,352.599
1.28025,396.674
1.28025,440.749
1.28025,484.824
1.28025,528.899
1.28025,572.973
1.28025,617.048
1.28025,661.123
1.28025,705.198
1.28025,749.273
1.28025,793.348
1.28025,837.423
1.28025,881.498
1.28025,882.35
1.28025,883.202
1.39044,-1.70394
1.39044,-0.851969
1.39044,0
1.39044,46.023
1.39044,92.0461
1.39044,138.069
1.39044,184.092
1.39044,230.115
1.39044,276.138
1.39044,322.161
1.39044,368.184
1.39044,414.207
1.39044,460.23
1.39044,506.254
1.39044,552.277
1.39044,598.3
1.39044,644.323
1.39044,690.346
1.39044,736.369
1.39044,782.392
1.39044,828.415
1.39044,874.438
1.39044,920.461
1.39044,921.313
1.39044,922.165
1.5055,-1.70394
1.5055,-0.851969
1.5055,0
1.5055,48.0695
1.5055,96.1389
1.5055,144.208
1.5055,192.278
1.5055,240.347
1.5055,288.417
1.5055,336.486
1.5055,384.556
1.5055,432.625
1.5055,480.695
1.5055,528.764
1.5055,576.834
1.5055,624.903
1.5055,672.972
1.5055,721.042
1.5055,769.111
1.5055,817.181
1.5055,865.25
1.5055,913.32
1.5055,961.389
1.5055,962.241
1.5055,963.093
1.62567,-1.70394
1.62567,-0.851969
1.62567,0
1.62567,50.2069
1.62567,100.414
1.62567,150.621
1.62567,200.827
1.62567,251.034
1.62567,301.241
1.62567,351.448
1.62567,401.655
1.62567,451.862
1.62567,502.069
1.62567,552.276
1.62567,602.482
1.62567,652.689
1.62567,702.896
1.62567,753.103
1.62567,803.31
1.62567,853.517
1.62567,903.724
1.62567,953.93
1.62567,1004.14
1.62567,1004.99
1.62567,1005.84
1.75119,-1.70394
1.75119,-0.851969
1.75119,0
1.75119,52.4393
1.75119,104.879
1.75119,157.318
1.75119,209.757
1.75119,262.197
1.75119,314.636
1.75119,367.075
1.75119,419.515
1.75119,471.954
1.75119,524.393
1.75119,576.832
1.75119,629.272
1.75119,681.711
1.75119,734.15
1.75119,786.59
1.75119,839.029
1.75119,891.468
1.75119,943.908
1.75119,996.347
1.75119,1048.79
1.75119,1049.64
1.75119,1050.49
1.88229,-1.70394
1.88229,-0.851969
1.88229,0
1.88229,54.7221
1.88229,109.444
1.88229,164.166
1.88229,218.888
1.88229,273.611
1.88229,328.333
1.88229,383.055
1.88229,437.777
1.88229,492.499
1.88229,547.221
1.88229,601.943
1.88229,656.665
1.88229,711.388
1.88229,766.11
1.88229,820.832
1.88229,875.554
1.88229,930.276
1.88229,984.998
1.88229,1039.72
1.88229,1094.44
1.88229,1095.29
1.88229,1096.15
2.01909,-1.70394
2.01909,-0.851969
2.01909,0
2.01909,57.087
2.01909,114.174
2.01909,171.261
2.01909,228.348
2.01909,285.435
2.01909,342.522
2.01909,399.609
2.01909,456.696
2.01909,513.783
2.01909,570.87
2.01909,627.957
2.01909,685.044
2.01909,742.131
2.01909,799.218
2.01909,856.305
2.01909,913.392
2.01909,970.479
2.01909,1027.57
2.01909,1084.65
2.01909,1141.74
2.01909,1142.59
2.01909,1143.44
2.16181,-1.70394
2.16181,-0.851969
2.16181,0
2.16181,59.5541
2.16181,119.108
2.16181,178.662
2.16181,238.216
2.16181,297.77
2.16181,357.324
2.16181,416.878
2.16181,476.432
2.16181,535.987
2.16181,595.541
2.16181,655.095
2.16181,714.649
2.16181,774.203
2.16181,833.757
2.16181,893.311
2.16181,952.865
2.16181,1012.42
2.16181,1071.97
2.16181,1131.53
2.16181,1191.08
2.16181,1191.93
2.16181,1192.78
2.3107,-1.70394
2.3107,-0.851969
2.3107,0
2.3107,62.1277
2.3107,124.255
2.3107,186.383
2.3107,248.511
2.3107,310.639
2.3107,372.766
2.3107,434.894
2.3107,497.022
2.3107,559.15
2.3107,621.277
2.3107,683.405
2.3107,745.533
2.3107,807.661
2.3107,869.788
2.3107,931.916
2.3107,994.044
2.3107,1056.17
2.3107,1118.3
2.3107,1180.43
2.3107,1242.55
2.3107,1243.41
2.3107,1244.26
2.46601,-1.70394
2.46601,-0.851969
2.46601,0
2.46601,64.7632
2.46601,129.526
2.46601,194.29
2.46601,259.053
2.46601,323.816
2.46601,388.579
2.46601,453.342
2.46601,518.106
2.46601,582.869
2.46601,647.632
2.46601,712.395
2.46601,777.159
2.46601,841.922
2.46601,906.685
2.46601,971.448
2.46601,1036.21
2.46601,1100.97
2.46601,1165.74
2.46601,1230.5
2.46601,1295.26
2.46601,1296.12
2.46601,1296.97
2.62792,-1.70394
2.62792,-0.851969
2.62792,0
2.62792,67.4714
2.62792,134.943
2.62792,202.414
2.62792,269.886
2.62792,337.357
2.62792,404.828
2.62792,472.3
2.62792,539.771
2.62792,607.242
2.62792,674.714
2.62792,742.185
2.62792,809.657
2.62792,877.128
2.62792,944.599
2.62792,1012.07
2.62792,1079.54
2.62792,1147.01
2.62792,1214.48
2.62792,1281.96
2.62792,1349.43
2.62792,1350.28
2.62792,1351.13
2.7966,-1.70394
2.7966,-0.851969
2.7966,0
2.7966,70.2928
2.7966,140.586
2.7966,210.878
2.7966,281.171
2.7966,351.464
2.7966,421.757
2.7966,492.05
2.7966,562.342
2.7966,632.635
2.7966,702.928
2.7966,773.221
2.7966,843.514
2.7966,913.806
2.7966,984.099
2.7966,1054.39
2.7966,1124.68
2.7966,1194.98
2.7966,1265.27
2.7966,1335.56
2.7966,1405.86
2.7966,1406.71
2.7966,1407.56
2.97233,-1.70394
2.97233,-0.851969
2.97233,0
2.97233,73.2322
2.97233,146.464
2.97233,219.697
2.97233,292.929
2.97233,366.161
2.97233,439.393
2.97233,512.625
2.97233,585.858
2.97233,659.09
2.97233,732.322
2.97233,805.554
2.97233,878.786
2.97233,952.019
2.97233,1025.25
2.97233,1098.48
2.97233,1171.72
2.97233,1244.95
2.97233,1318.18
2.97233,1391.41
2.97233,1464.64
2.97233,1465.5
2.97233,1466.35
3.15541,-1.70394
3.15541,-0.851969
3.15541,0
3.15541,76.2945
3.15541,152.589
3.15541,228.884
3.15541,305.178
3.15541,381.473
3.15541,457.767
3.15541,534.062
3.15541,610.356
3.15541,686.651
3.15541,762.945
3.15541,839.24
3.15541,915.534
3.15541,991.829
3.15541,1068.12
3.15541,1144.42
3.15541,1220.71
3.15541,1297.01
3.15541,1373.3
3.15541,1449.6
3.15541,1525.89
3.15541,1526.74
3.15541,1527.59
3.34615,-1.70394
3.34615,-0.851969
3.34615,0
3.34615,79.2056
3.34615,158.411
3.34615,237.617
3.34615,316.822
3.34615,396.028
3.34615,475.233
3.34615,554.439
3.34615,633.644
3.34615,712.85
3.34615,792.055
3.34615,871.261
3.34615,950.467
3.34615,1029.67
3.34615,1108.88
3.34615,1188.08
3.34615,1267.29
3.34615,1346.49
3.34615,1425.7
3.34615,1504.91
3.34615,1584.11
3.34615,1584.96
3.34615,1585.81
3.54416,-1.70394
3.54416,-0.851969
3.54416,0
3.54416,82.1224
3.54416,164.245
3.54416,246.367
3.54416,328.49
3.54416,410.612
3.54416,492.734
3.54416,574.857
3.54416,656.979
3.54416,739.102
3.54416,821.224
3.54416,903.346
3.54416,985.469
3.54416,1067.59
3.54416,1149.71
3.54416,1231.84
3.54416,1313.96
3.54416,1396.08
3.54416,1478.2
3.54416,1560.33
3.54416,1642.45
3.54416,1643.3
3.54416,1644.15
3.74947,-1.70394
3.74947,-0.851969
3.74947,0
3.74947,85.1467
3.74947,170.293
3.74947,255.44
3.74947,340.587
3.74947,425.733
3.74947,510.88
3.74947,596.027
3.74947,681.174
3.74947,766.32
3.74947,851.467
3.74947,936.614
3.74947,1021.76
3.74947,1106.91
3.74947,1192.05
3.74947,1277.2
3.74947,1362.35
3.74947,1447.49
3.74947,1532.64
3.74947,1617.79
3.74947,1702.93
3.74947,1703.79
3.74947,1704.64
3.96234,-1.70394
3.96234,-0.851969
3.96234,0
3.96234,88.2823
3.96234,176.565
3.96234,264.847
3.96234,353.129
3.96234,441.412
3.96234,529.694
3.96234,617.976
3.96234,706.259
3.96234,794.541
3.96234,882.823
3.96234,971.106
3.96234,1059.39
3.96234,1147.67
3.96234,1235.95
3.96234,1324.24
3.96234,1412.52
3.96234,1500.8
3.96234,1589.08
3.96234,1677.36
3.96234,1765.65
3.96234,1766.5
3.96234,1767.35
4.18304,-1.70394
4.18304,-0.851969
4.18304,0
4.18304,91.5335
4.18304,183.067
4.18304,274.6
4.18304,366.134
4.18304,457.667
4.18304,549.201
4.18304,640.734
4.18304,732.268
4.18304,823.801
4.18304,915.335
4.18304,1006.87
4.18304,1098.4
4.18304,1189.94
4.18304,1281.47
4.18304,1373
4.18304,1464.54
4.18304,1556.07
4.18304,1647.6
4.18304,1739.14
4.18304,1830.67
4.18304,1831.52
4.18304,1832.37
4.41188,-1.70394
4.41188,-0.851969
4.41188,0
4.41188,94.9043
4.41188,189.809
4.41188,284.713
4.41188,379.617
4.41188,474.522
4.41188,569.426
4.41188,664.33
4.41188,759.235
4.41188,854.139
4.41188,949.043
4.41188,1043.95
4.41188,1138.85
4.41188,1233.76
4.41188,1328.66
4.41188,1423.56
4.41188,1518.47
4.41188,1613.37
4.41188,1708.28
4.41188,1803.18
4.41188,1898.09
4.41188,1898.94
4.41188,1899.79
4.64914,-1.70394
4.64914,-0.851969
4.64914,0
4.64914,98.3993
4.64914,196.799
4.64914,295.198
4.64914,393.597
4.64914,491.997
4.64914,590.396
4.64914,688.795
4.64914,787.194
4.64914,885.594
4.64914,983.993
4.64914,1082.39
4.64914,1180.79
4.64914,1279.19
4.64914,1377.59
4.64914,1475.99
4.64914,1574.39
4.64914,1672.79
4.64914,1771.19
4.64914,1869.59
4.64914,1967.99
4.64914,1968.84
4.64914,1969.69
4.89514,-1.70394
4.89514,-0.851969
4.89514,0
4.89514,102.023
4.89514,204.046
4.89514,306.069
4.89514,408.092
4.89514,510.115
4.89514,612.138
4.89514,714.161
4.89514,816.184
4.89514,918.207
4.89514,1020.23
4.89514,1122.25
4.89514,1224.28
4.89514,1326.3
4.89514,1428.32
4.89514,1530.35
4.89514,1632.37
4.89514,1734.39
4.89514,1836.41
4.89514,1938.44
4.89514,2040.46
4.89514,2041.31
4.89514,2042.16
5.15019,-1.70394
5.15019,-0.851969
5.15019,0
5.15019,105.78
5.15019,211.56
5.15019,317.34
5.15019,423.121
5.15019,528.901
5.15019,634.681
5.15019,740.461
5.15019,846.241
5.15019,952.021
5.15019,1057.8
5.15019,1163.58
5.15019,1269.36
5.15019,1375.14
5.15019,1480.92
5.15019,1586.7
5.15019,1692.48
5.15019,1798.26
5.15019,1904.04
5.15019,2009.82
5.15019,2115.6
5.15019,2116.46
5.15019,2117.31
5.41464,-1.70394
5.41464,-0.851969
5.41464,0
5.41464,109.676
5.41464,219.351
5.41464,329.027
5.41464,438.703
5.41464,548.378
5.41464,658.054
5.41464,767.73
5.41464,877.405
5.41464,987.081
5.41464,1096.76
5.41464,1206.43
5.41464,1316.11
5.41464,1425.78
5.41464,1535.46
5.41464,1645.14
5.41464,1754.81
5.41464,1864.49
5.41464,1974.16
5.41464,2083.84
5.41464,2193.51
5.41464,2194.37
5.41464,2195.22
5.68883,-1.70394
5.68883,-0.851969
5.68883,0
5.68883,113.715
5.68883,227.429
5.68883,341.144
5.68883,454.859
5.68883,568.573
5.68883,682.288
5.68883,796.002
5.68883,909.717
5.68883,1023.43
5.68883,1137.15
5.68883,1250.86
5.68883,1364.58
5.68883,1478.29
5.68883,1592
5.68883,1705.72
5.68883,1819.43
5.68883,1933.15
5.68883,2046.86
5.68883,2160.58
5.68883,2274.29
5.68883,2275.14
5.68883,2276
5.97312,-1.70394
5.97312,-0.851969
5.97312,0
5.97312,117.902
5.97312,235.805
5.97312,353.707
5.97312,471.609
5.97312,589.512
5.97312,707.414
5.97312,825.316
5.97312,943.219
5.97312,1061.12
5.97312,1179.02
5.97312,1296.93
5.97312,1414.83
5.97312,1532.73
5.97312,1650.63
5.97312,1768.54
5.97312,1886.44
5.97312,2004.34
5.97312,2122.24
5.97312,2240.14
5.97312,2358.05
5.97312,2358.9
5.97312,2359.75
6.26788,-1.70394
6.26788,-0.851969
6.26788,0
6.26788,122.244
6.26788,244.489
6.26788,366.733
6.26788,488.977
6.26788,611.221
6.26788,733.466
6.26788,855.71
6.26788,977.954
6.26788,1100.2
6.26788,1222.44
6.26788,1344.69
6.26788,1466.93
6.26788,1589.18
6.26788,1711.42
6.26788,1833.66
6.26788,1955.91
6.26788,2078.15
6.26788,2200.4
6.26788,2322.64
6.26788,2444.89
6.26788,2445.74
6.26788,2446.59
6.57349,-1.70394
6.57349,-0.851969
6.57349,0
6.57349,126.746
6.57349,253.492
6.57349,380.238
6.57349,506.984
6.57349,633.73
6.57349,760.477
6.57349,887.223
6.57349,1013.97
6.57349,1140.71
6.57349,1267.46
6.57349,1394.21
6.57349,1520.95
6.57349,1647.7
6.57349,1774.45
6.57349,1901.19
6.57349,2027.94
6.57349,2154.68
6.57349,2281.43
6.57349,2408.18
6.57349,2534.92
6.57349,2535.77
6.57349,2536.63
6.89035,-1.70394
6.89035,-0.851969
6.89035,0
6.89035,131.414
6.89035,262.827
6.89035,394.241
6.89035,525.655
6.89035,657.068
6.89035,788.482
6.89035,919.896
6.89035,1051.31
6.89035,1182.72
6.89035,1314.14
6.89035,1445.55
6.89035,1576.96
6.89035,1708.38
6.89035,1839.79
6.89035,1971.21
6.89035,2102.62
6.89035,2234.03
6.89035,2365.45
6.89035,2496.86
6.89035,2628.27
6.89035,2629.13
6.89035,2629.98
7.21888,-1.70394
7.21888,-0.851969
7.21888,0
7.21888,135.956
7.21888,271.913
7.21888,407.869
7.21888,543.825
7.21888,679.781
7.21888,815.737
7.21888,951.694
7.21888,1087.65
7.21888,1223.61
7.21888,1359.56
7.21888,1495.52
7.21888,1631.47
7.21888,1767.43
7.21888,1903.39
7.21888,2039.34
7.21888,2175.3
7.21888,2311.26
7.21888,2447.21
7.21888,2583.17
7.21888,2719.12
7.21888,2719.98
7.21888,2720.83
7.55878,-1.70394
7.55878,-0.851969
7.55878,0
7.55878,140.441
7.55878,280.882
7.55878,421.323
7.55878,561.763
7.55878,702.204
7.55878,842.645
7.55878,983.086
7.55878,1123.53
7.55878,1263.97
7.55878,1404.41
7.55878,1544.85
7.55878,1685.29
7.55878,1825.73
7.55878,1966.17
7.55878,2106.61
7.55878,2247.05
7.55878,2387.49
7.55878,2527.94
7.55878,2668.38
7.55878,2808.82
7.55878,2809.67
7.55878,2810.52
7.90988,-1.70394
7.90988,-0.851969
7.90988,0
7.90988,145.063
7.90988,290.126
7.90988,435.189
7.90988,580.251
7.90988,725.314
7.90988,870.377
7.90988,1015.44
7.90988,1160.5
7.90988,1305.57
7.90988,1450.63
7.90988,1595.69
7.90988,1740.75
7.90988,1885.82
7.90988,2030.88
7.90988,2175.94
7.90988,2321.01
7.90988,2466.07
7.90988,2611.13
7.90988,2756.19
7.90988,2901.26
7.90988,2902.11
7.90988,2902.96
8.27254,-1.70394
8.27254,-0.851969
8.27254,0
8.27254,149.62
8.27254,299.24
8.27254,448.861
8.27254,598.481
8.27254,748.101
8.27254,897.721
8.27254,1047.34
8.27254,1196.96
8.27254,1346.58
8.27254,1496.2
8.27254,1645.82
8.27254,1795.44
8.27254,1945.06
8.27254,2094.68
8.27254,2244.3
8.27254,2393.92
8.27254,2543.54
8.27254,2693.16
8.27254,2842.78
8.27254,2992.4
8.27254,2993.26
8.27254,2994.11
8.64659,-1.70394
8.64659,-0.851969
8.64659,0
8.64659,154.321
8.64659,308.642
8.64659,462.962
8.64659,617.283
8.64659,771.604
8.64659,925.925
8.64659,1080.25
8.64659,1234.57
8.64659,1388.89
8.64659,1543.21
8.64659,1697.53
8.64659,1851.85
8.64659,2006.17
8.64659,2160.49
8.64659,2314.81
8.64659,2469.13
8.64659,2623.45
8.64659,2777.77
8.64659,2932.09
8.64659,3086.42
8.64659,3087.27
8.64659,3088.12
9.03239,-1.70394
9.03239,-0.851969
9.03239,0
9.03239,159.169
9.03239,318.338
9.03239,477.507
9.03239,636.676
9.03239,795.845
9.03239,955.014
9.03239,1114.18
9.03239,1273.35
9.03239,1432.52
9.03239,1591.69
9.03239,1750.86
9.03239,1910.03
9.03239,2069.2
9.03239,2228.37
9.03239,2387.53
9.03239,2546.7
9.03239,2705.87
9.03239,2865.04
9.03239,3024.21
9.03239,3183.38
9.03239,3184.23
9.03239,3185.08
9.43031,-1.70394
9.43031,-0.851969
9.43031,0
9.43031,164.17
9.43031,328.339
9.43031,492.509
9.43031,656.678
9.43031,820.848
9.43031,985.017
9.43031,1149.19
9.43031,1313.36
9.43031,1477.53
9.43031,1641.7
9.43031,1805.86
9.43031,1970.03
9.43031,2134.2
9.43031,2298.37
9.43031,2462.54
9.43031,2626.71
9.43031,2790.88
9.43031,2955.05
9.43031,3119.22
9.43031,3283.39
9.43031,3284.24
9.43031,3285.09
9.84073,-1.70394
9.84073,-0.851969
9.84073,0
9.84073,169.194
9.84073,338.388
9.84073,507.582
9.84073,676.776
9.84073,845.97
9.84073,1015.16
9.84073,1184.36
9.84073,1353.55
9.84073,1522.75
9.84073,1691.94
9.84073,1861.13
9.84073,2030.33
9.84073,2199.52
9.84073,2368.72
9.84073,2537.91
9.84073,2707.1
9.84073,2876.3
9.84073,3045.49
9.84073,3214.69
9.84073,3383.88
9.84073,3384.73
9.84073,3385.59
10.2637,-1.70394
10.2637,-0.851969
10.2637,0
10.2637,174.246
10.2637,348.492
10.2637,522.739
10.2637,696.985
10.2637,871.231
10.2637,1045.48
10.2637,1219.72
10.2637,1393.97
10.2637,1568.22
10.2637,1742.46
10.2637,1916.71
10.2637,2090.95
10.2637,2265.2
10.2637,2439.45
10.2637,2613.69
10.2637,2787.94
10.2637,2962.19
10.2637,3136.43
10.2637,3310.68
10.2637,3484.92
10.2637,3485.78
10.2637,3486.63
10.6993,-1.70394
10.6993,-0.851969
10.6993,0
10.6993,179.43
10.6993,358.86
10.6993,538.29
10.6993,717.72
10.6993,897.149
10.6993,1076.58
10.6993,1256.01
10.6993,1435.44
10.6993,1614.87
10.6993,1794.3
10.6993,1973.73
10.6993,2153.16
10.6993,2332.59
10.6993,2512.02
10.6993,2691.45
10.6993,2870.88
10.6993,3050.31
10.6993,3229.74
10.6993,3409.17
10.6993,3588.6
10.6993,3589.45
10.6993,3590.3
11.1479,-1.70394
11.1479,-0.851969
11.1479,0
11.1479,184.61
11.1479,369.219
11.1479,553.829
11.1479,738.438
11.1479,923.048
11.1479,1107.66
11.1479,1292.27
11.1479,1476.88
11.1479,1661.49
11.1479,1846.1
11.1479,2030.71
11.1479,2215.31
11.1479,2399.92
11.1479,2584.53
11.1479,2769.14
11.1479,2953.75
11.1479,3138.36
11.1479,3322.97
11.1479,3507.58
11.1479,3692.19
11.1479,3693.04
11.1479,3693.9
11.6094,-1.70394
11.6094,-0.851969
11.6094,0
11.6094,189.939
11.6094,379.878
11.6094,569.816
11.6094,759.755
11.6094,949.694
11.6094,1139.63
11.6094,1329.57
11.6094,1519.51
11.6094,1709.45
11.6094,1899.39
11.6094,2089.33
11.6094,2279.27
11.6094,2469.2
11.6094,2659.14
11.6094,2849.08
11.6094,3039.02
11.6094,3228.96
11.6094,3418.9
11.6094,3608.84
11.6094,3798.78
11.6094,3799.63
11.6094,3800.48
12.0843,-1.70394
12.0843,-0.851969
12.0843,0
12.0843,195.259
12.0843,390.517
12.0843,585.776
12.0843,781.035
12.0843,976.293
12.0843,1171.55
12.0843,1366.81
12.0843,1562.07
12.0843,1757.33
12.0843,1952.59
12.0843,2147.84
12.0843,2343.1
12.0843,2538.36
12.0843,2733.62
12.0843,2928.88
12.0843,3124.14
12.0843,3319.4
12.0843,3514.66
12.0843,3709.91
12.0843,3905.17
12.0843,3906.02
12.0843,3906.88
12.5724,-1.70394
12.5724,-0.851969
12.5724,0
12.5724,200.701
12.5724,401.402
12.5724,602.104
12.5724,802.805
12.5724,1003.51
12.5724,1204.21
12.5724,1404.91
12.5724,1605.61
12.5724,1806.31
12.5724,2007.01
12.5724,2207.71
12.5724,2408.41
12.5724,2609.12
12.5724,2809.82
12.5724,3010.52
12.5724,3211.22
12.5724,3411.92
12.5724,3612.62
12.5724,3813.32
12.5724,4014.02
12.5724,4014.88
12.5724,4015.73
13.0742,-1.70394
13.0742,-0.851969
13.0742,0
13.0742,206.199
13.0742,412.397
13.0742,618.596
13.0742,824.794
13.0742,1030.99
13.0742,1237.19
13.0742,1443.39
13.0742,1649.59
13.0742,1855.79
13.0742,2061.99
13.0742,2268.18
13.0742,2474.38
13.0742,2680.58
13.0742,2886.78
13.0742,3092.98
13.0742,3299.18
13.0742,3505.38
13.0742,3711.58
13.0742,3917.77
13.0742,4123.97
13.0742,4124.82
13.0742,4125.68
13.5897,-1.70394
13.5897,-0.851969
13.5897,0
13.5897,211.656
13.5897,423.312
13.5897,634.968
13.5897,846.623
13.5897,1058.28
13.5897,1269.94
13.5897,1481.59
13.5897,1693.25
13.5897,1904.9
13.5897,2116.56
13.5897,2328.21
13.5897,2539.87
13.5897,2751.53
13.5897,2963.18
13.5897,3174.84
13.5897,3386.49
13.5897,3598.15
13.5897,3809.8
13.5897,4021.46
13.5897,4233.12
13.5897,4233.97
13.5897,4234.82
14.1188,-1.70394
14.1188,-0.851969
14.1188,0
14.1188,217.257
14.1188,434.515
14.1188,651.772
14.1188,869.03
14.1188,1086.29
14.1188,1303.54
14.1188,1520.8
14.1188,1738.06
14.1188,1955.32
14.1188,2172.57
14.1188,2389.83
14.1188,2607.09
14.1188,2824.35
14.1188,3041.6
14.1188,3258.86
14.1188,3476.12
14.1188,3693.38
14.1188,3910.63
14.1188,4127.89
14.1188,4345.15
14.1188,4346
14.1188,4346.85
14.662,-1.70394
14.662,-0.851969
14.662,0
14.662,223.007
14.662,446.015
14.662,669.022
14.662,892.029
14.662,1115.04
14.662,1338.04
14.662,1561.05
14.662,1784.06
14.662,2007.07
14.662,2230.07
14.662,2453.08
14.662,2676.09
14.662,2899.1
14.662,3122.1
14.662,3345.11
14.662,3568.12
14.662,3791.12
14.662,4014.13
14.662,4237.14
14.662,4460.15
14.662,4461
14.662,4461.85
15.2195,-1.70394
15.2195,-0.851969
15.2195,0
15.2195,228.909
15.2195,457.819
15.2195,686.728
15.2195,915.638
15.2195,1144.55
15.2195,1373.46
15.2195,1602.37
15.2195,1831.28
15.2195,2060.18
15.2195,2289.09
15.2195,2518
15.2195,2746.91
15.2195,2975.82
15.2195,3204.73
15.2195,3433.64
15.2195,3662.55
15.2195,3891.46
15.2195,4120.37
15.2195,4349.28
15.2195,4578.19
15.2195,4579.04
15.2195,4579.89
15.7918,-1.70394
15.7918,-0.851969
15.7918,0
15.7918,234.75
15.7918,469.5
15.7918,704.25
15.7918,939
15.7918,1173.75
15.7918,1408.5
15.7918,1643.25
15.7918,1878
15.7918,2112.75
15.7918,2347.5
15.7918,2582.25
15.7918,2817
15.7918,3051.75
15.7918,3286.5
15.7918,3521.25
15.7918,3756
15.7918,3990.75
15.7918,4225.5
15.7918,4460.25
15.7918,4695
15.7918,4695.85
15.7918,4696.7
16.3786,-1.70394
16.3786,-0.851969
16.3786,0
16.3786,240.678
16.3786,481.356
16.3786,722.034
16.3786,962.712
16.3786,1203.39
16.3786,1444.07
16.3786,1684.75
16.3786,1925.42
16.3786,2166.1
16.3786,2406.78
16.3786,2647.46
16.3786,2888.14
16.3786,3128.81
16.3786,3369.49
16.3786,3610.17
16.3786,3850.85
16.3786,4091.53
16.3786,4332.2
16.3786,4572.88
16.3786,4813.56
16.3786,4814.41
16.3786,4815.26
16.9803,-1.70394
16.9803,-0.851969
16.9803,0
16.9803,246.543
16.9803,493.086
16.9803,739.628
16.9803,986.171
16.9803,1232.71
16.9803,1479.26
16.9803,1725.8
16.9803,1972.34
16.9803,2218.89
16.9803,2465.43
16.9803,2711.97
16.9803,2958.51
16.9803,3205.06
16.9803,3451.6
16.9803,3698.14
16.9803,3944.69
16.9803,4191.23
16.9803,4437.77
16.9803,4684.31
16.9803,4930.86
16.9803,4931.71
16.9803,4932.56
17.5967,-1.70394
17.5967,-0.851969
17.5967,0
17.5967,252.471
17.5967,504.942
17.5967,757.413
17.5967,1009.88
17.5967,1262.36
17.5967,1514.83
17.5967,1767.3
17.5967,2019.77
17.5967,2272.24
17.5967,2524.71
17.5967,2777.18
17.5967,3029.65
17.5967,3282.12
17.5967,3534.6
17.5967,3787.07
17.5967,4039.54
17.5967,4292.01
17.5967,4544.48
17.5967,4796.95
17.5967,5049.42
17.5967,5050.27
17.5967,5051.13
18.2279,-1.70394
18.2279,-0.851969
18.2279,0
18.2279,258.542
18.2279,517.084
18.2279,775.626
18.2279,1034.17
18.2279,1292.71
18.2279,1551.25
18.2279,1809.79
18.2279,2068.34
18.2279,2326.88
18.2279,2585.42
18.2279,2843.96
18.2279,3102.5
18.2279,3361.05
18.2279,3619.59
18.2279,3878.13
18.2279,4136.67
18.2279,4395.21
18.2279,4653.76
18.2279,4912.3
18.2279,5170.84
18.2279,5171.69
18.2279,5172.54
18.8742,-1.70394
18.8742,-0.851969
18.8742,0
18.8742,264.759
18.8742,529.518
18.8742,794.276
18.8742,1059.04
18.8742,1323.79
18.8742,1588.55
18.8742,1853.31
18.8742,2118.07
18.8742,2382.83
18.8742,2647.59
18.8742,2912.35
18.8742,3177.11
18.8742,3441.86
18.8742,3706.62
18.8742,3971.38
18.8742,4236.14
18.8742,4500.9
18.8742,4765.66
18.8742,5030.42
18.8742,5295.18
18.8742,5296.03
18.8742,5296.88
19.5361,-1.70394
19.5361,-0.851969
19.5361,0
19.5361,271.125
19.5361,542.25
19.5361,813.375
19.5361,1084.5
19.5361,1355.63
19.5361,1626.75
19.5361,1897.88
19.5361,2169
19.5361,2440.13
19.5361,2711.25
19.5361,2982.38
19.5361,3253.5
19.5361,3524.63
19.5361,3795.75
19.5361,4066.88
19.5361,4338
19.5361,4609.13
19.5361,4880.25
19.5361,5151.38
19.5361,5422.5
19.5361,5423.35
19.5361,5424.21
20.2139,-1.70394
20.2139,-0.851969
20.2139,0
20.2139,277.206
20.2139,554.413
20.2139,831.619
20.2139,1108.83
20.2139,1386.03
20.2139,1663.24
20.2139,1940.44
20.2139,2217.65
20.2139,2494.86
20.2139,2772.06
20.2139,3049.27
20.2139,3326.48
20.2139,3603.68
20.2139,3880.89
20.2139,4158.09
20.2139,4435.3
20.2139,4712.51
20.2139,4989.71
20.2139,5266.92
20.2139,5544.13
20.2139,5544.98
20.2139,5545.83
20.9069,-1.70394
20.9069,-0.851969
20.9069,0
20.9069,283.404
20.9069,566.808
20.9069,850.212
20.9069,1133.62
20.9069,1417.02
20.9069,1700.42
20.9069,1983.83
20.9069,2267.23
20.9069,2550.63
20.9069,2834.04
20.9069,3117.44
20.9069,3400.85
20.9069,3684.25
20.9069,3967.65
20.9069,4251.06
20.9069,4534.46
20.9069,4817.87
20.9069,5101.27
20.9069,5384.67
20.9069,5668.08
20.9069,5668.93
20.9069,5669.78
21.6154,-1.70394
21.6154,-0.851969
21.6154,0
21.6154,289.74
21.6154,579.48
21.6154,869.22
21.6154,1158.96
21.6154,1448.7
21.6154,1738.44
21.6154,2028.18
21.6154,2317.92
21.6154,2607.66
21.6154,2897.4
21.6154,3187.14
21.6154,3476.88
21.6154,3766.62
21.6154,4056.36
21.6154,4346.1
21.6154,4635.84
21.6154,4925.58
21.6154,5215.32
21.6154,5505.06
21.6154,5794.8
21.6154,5795.65
21.6154,5796.5
22.3398,-1.70394
22.3398,-0.851969
22.3398,0
22.3398,296.218
22.3398,592.435
22.3398,888.653
22.3398,1184.87
22.3398,1481.09
22.3398,1777.31
22.3398,2073.52
22.3398,2369.74
22.3398,2665.96
22.3398,2962.18
22.3398,3258.4
22.3398,3554.61
22.3398,3850.83
22.3398,4147.05
22.3398,4443.27
22.3398,4739.48
22.3398,5035.7
22.3398,5331.92
22.3398,5628.14
22.3398,5924.35
22.3398,5925.21
22.3398,5926.06
23.0803,-1.70394
23.0803,-0.851969
23.0803,0
23.0803,302.84
23.0803,605.681
23.0803,908.521
23.0803,1211.36
23.0803,1514.2
23.0803,1817.04
23.0803,2119.88
23.0803,2422.72
23.0803,2725.56
23.0803,3028.4
23.0803,3331.24
23.0803,3634.08
23.0803,3936.92
23.0803,4239.76
23.0803,4542.6
23.0803,4845.45
23.0803,5148.29
23.0803,5451.13
23.0803,5753.97
23.0803,6056.81
23.0803,6057.66
23.0803,6058.51
23.8374,-1.70394
23.8374,-0.851969
23.8374,0
23.8374,309.376
23.8374,618.753
23.8374,928.129
23.8374,1237.51
23.8374,1546.88
23.8374,1856.26
23.8374,2165.64
23.8374,2475.01
23.8374,2784.39
23.8374,3093.76
23.8374,3403.14
23.8374,3712.52
23.8374,4021.89
23.8374,4331.27
23.8374,4640.65
23.8374,4950.02
23.8374,5259.4
23.8374,5568.78
23.8374,5878.15
23.8374,6187.53
23.8374,6188.38
23.8374,6189.23
24.6109,-1.70394
24.6109,-0.851969
24.6109,0
24.6109,315.906
24.6109,631.812
24.6109,947.719
24.6109,1263.62
24.6109,1579.53
24.6109,1895.44
24.6109,2211.34
24.6109,2527.25
24.6109,2843.16
24.6109,3159.06
24.6109,3474.97
24.6109,3790.88
24.6109,4106.78
24.6109,4422.69
24.6109,4738.59
24.6109,5054.5
24.6109,5370.41
24.6109,5686.31
24.6109,6002.22
24.6109,6318.12
24.6109,6318.98
24.6109,6319.83
25.4006,-1.70394
25.4006,-0.851969
25.4006,0
25.4006,322.574
25.4006,645.148
25.4006,967.721
25.4006,1290.3
25.4006,1612.87
25.4006,1935.44
25.4006,2258.02
25.4006,2580.59
25.4006,2903.16
25.4006,3225.74
25.4006,3548.31
25.4006,3870.89
25.4006,4193.46
25.4006,4516.03
25.4006,4838.61
25.4006,5161.18
25.4006,5483.75
25.4006,5806.33
25.4006,6128.9
25.4006,6451.48
25.4006,6452.33
25.4006,6453.18
26.2071,-1.70394
26.2071,-0.851969
26.2071,0
26.2071,329.065
26.2071,658.13
26.2071,987.194
26.2071,1316.26
26.2071,1645.32
26.2071,1974.39
26.2071,2303.45
26.2071,2632.52
26.2071,2961.58
26.2071,3290.65
26.2071,3619.71
26.2071,3948.78
26.2071,4277.84
26.2071,4606.91
26.2071,4935.97
26.2071,5265.04
26.2071,5594.1
26.2071,5923.17
26.2071,6252.23
26.2071,6581.29
26.2071,6582.15
26.2071,6583
27.0297,-1.70394
27.0297,-0.851969
27.0297,0
27.0297,335.647
27.0297,671.295
27.0297,1006.94
27.0297,1342.59
27.0297,1678.24
27.0297,2013.89
27.0297,2349.53
27.0297,2685.18
27.0297,3020.83
27.0297,3356.48
27.0297,3692.12
27.0297,4027.77
27.0297,4363.42
27.0297,4699.06
27.0297,5034.71
27.0297,5370.36
27.0297,5706.01
27.0297,6041.65
27.0297,6377.3
27.0297,6712.95
27.0297,6713.8
27.0297,6714.65
27.8689,-1.70394
27.8689,-0.851969
27.8689,0
27.8689,342.362
27.8689,684.724
27.8689,1027.09
27.8689,1369.45
27.8689,1711.81
27.8689,2054.17
27.8689,2396.53
27.8689,2738.9
27.8689,3081.26
27.8689,3423.62
27.8689,3765.98
27.8689,4108.34
27.8689,4450.71
27.8689,4793.07
27.8689,5135.43
27.8689,5477.79
27.8689,5820.15
27.8689,6162.52
27.8689,6504.88
27.8689,6847.24
27.8689,6848.09
27.8689,6848.94
28.7248,-1.70394
28.7248,-0.851969
28.7248,0
28.7248,349.211
28.7248,698.421
28.7248,1047.63
28.7248,1396.84
28.7248,1746.05
28.7248,2095.26
28.7248,2444.47
28.7248,2793.69
28.7248,3142.9
28.7248,3492.11
28.7248,3841.32
28.7248,4190.53
28.7248,4539.74
28.7248,4888.95
28.7248,5238.16
28.7248,5587.37
28.7248,5936.58
28.7248,6285.79
28.7248,6635
28.7248,6984.21
28.7248,6985.07
28.7248,6985.92
29.5978,-1.70394
29.5978,-0.851969
29.5978,0
29.5978,356.167
29.5978,712.335
29.5978,1068.5
29.5978,1424.67
29.5978,1780.84
29.5978,2137
29.5978,2493.17
29.5978,2849.34
29.5978,3205.51
29.5978,3561.67
29.5978,3917.84
29.5978,4274.01
29.5978,4630.18
29.5978,4986.34
29.5978,5342.51
29.5978,5698.68
29.5978,6054.85
29.5978,6411.01
29.5978,6767.18
29.5978,7123.35
29.5978,7124.2
29.5978,7125.05
30.4882,-1.70394
30.4882,-0.851969
30.4882,0
30.4882,362.837
30.4882,725.674
30.4882,1088.51
30.4882,1451.35
30.4882,1814.18
30.4882,2177.02
30.4882,2539.86
30.4882,2902.69
30.4882,3265.53
30.4882,3628.37
30.4882,3991.2
30.4882,4354.04
30.4882,4716.88
30.4882,5079.71
30.4882,5442.55
30.4882,5805.39
30.4882,6168.23
30.4882,6531.06
30.4882,6893.9
30.4882,7256.74
30.4882,7257.59
30.4882,7258.44
31.3953,-1.70394
31.3953,-0.851969
31.3953,0
31.3953,369.631
31.3953,739.262
31.3953,1108.89
31.3953,1478.52
31.3953,1848.16
31.3953,2217.79
31.3953,2587.42
31.3953,2957.05
31.3953,3326.68
31.3953,3696.31
31.3953,4065.94
31.3953,4435.57
31.3953,4805.2
31.3953,5174.83
31.3953,5544.47
31.3953,5914.1
31.3953,6283.73
31.3953,6653.36
31.3953,7022.99
31.3953,7392.62
31.3953,7393.47
31.3953,7394.32
32.3194,-1.70394
32.3194,-0.851969
32.3194,0
32.3194,376.553
32.3194,753.105
32.3194,1129.66
32.3194,1506.21
32.3194,1882.76
32.3194,2259.32
32.3194,2635.87
32.3194,3012.42
32.3194,3388.97
32.3194,3765.53
32.3194,4142.08
32.3194,4518.63
32.3194,4895.18
32.3194,5271.74
32.3194,5648.29
32.3194,6024.84
32.3194,6401.39
32.3194,6777.95
32.3194,7154.5
32.3194,7531.05
32.3194,7531.9
32.3194,7532.75
33.2608,-1.70394
33.2608,-0.851969
33.2608,0
33.2608,383.604
33.2608,767.207
33.2608,1150.81
33.2608,1534.41
33.2608,1918.02
33.2608,2301.62
33.2608,2685.23
33.2608,3068.83
33.2608,3452.43
33.2608,3836.04
33.2608,4219.64
33.2608,4603.24
33.2608,4986.85
33.2608,5370.45
33.2608,5754.05
33.2608,6137.66
33.2608,6521.26
33.2608,6904.86
33.2608,7288.47
33.2608,7672.07
33.2608,7672.92
33.2608,7673.78
34.2198,-1.70394
34.2198,-0.851969
34.2198,0
34.2198,390.605
34.2198,781.209
34.2198,1171.81
34.2198,1562.42
34.2198,1953.02
34.2198,2343.63
34.2198,2734.23
34.2198,3124.84
34.2198,3515.44
34.2198,3906.05
34.2198,4296.65
34.2198,4687.26
34.2198,5077.86
34.2198,5468.46
34.2198,5859.07
34.2198,6249.67
34.2198,6640.28
34.2198,7030.88
34.2198,7421.49
34.2198,7812.09
34.2198,7812.94
34.2198,7813.8
35.1963,-1.70394
35.1963,-0.851969
35.1963,0
35.1963,397.556
35.1963,795.112
35.1963,1192.67
35.1963,1590.22
35.1963,1987.78
35.1963,2385.34
35.1963,2782.89
35.1963,3180.45
35.1963,3578
35.1963,3975.56
35.1963,4373.12
35.1963,4770.67
35.1963,5168.23
35.1963,5565.78
35.1963,5963.34
35.1963,6360.9
35.1963,6758.45
35.1963,7156.01
35.1963,7553.56
35.1963,7951.12
35.1963,7951.97
35.1963,7952.82
36.1902,-1.70394
36.1902,-0.851969
36.1902,0
36.1902,404.631
36.1902,809.262
36.1902,1213.89
36.1902,1618.52
36.1902,2023.16
36.1902,2427.79
36.1902,2832.42
36.1902,3237.05
36.1902,3641.68
36.1902,4046.31
36.1902,4450.94
36.1902,4855.57
36.1902,5260.2
36.1902,5664.83
36.1902,6069.47
36.1902,6474.1
36.1902,6878.73
36.1902,7283.36
36.1902,7687.99
36.1902,8092.62
36.1902,8093.47
36.1902,8094.33
37.2018,-1.70394
37.2018,-0.851969
37.2018,0
37.2018,411.602
37.2018,823.203
37.2018,1234.8
37.2018,1646.41
37.2018,2058.01
37.2018,2469.61
37.2018,2881.21
37.2018,3292.81
37.2018,3704.41
37.2018,4116.02
37.2018,4527.62
37.2018,4939.22
37.2018,5350.82
37.2018,5762.42
37.2018,6174.02
37.2018,6585.62
37.2018,6997.23
37.2018,7408.83
37.2018,7820.43
37.2018,8232.03
37.2018,8232.88
37.2018,8233.73
38.2308,-1.70394
38.2308,-0.851969
38.2308,0
38.2308,418.664
38.2308,837.327
38.2308,1255.99
38.2308,1674.65
38.2308,2093.32
38.2308,2511.98
38.2308,2930.65
38.2308,3349.31
38.2308,3767.97
38.2308,4186.64
38.2308,4605.3
38.2308,5023.96
38.2308,5442.63
38.2308,5861.29
38.2308,6279.95
38.2308,6698.62
38.2308,7117.28
38.2308,7535.94
38.2308,7954.61
38.2308,8373.27
38.2308,8374.12
38.2308,8374.97
39.2774,-1.70394
39.2774,-0.851969
39.2774,0
39.2774,425.752
39.2774,851.504
39.2774,1277.26
39.2774,1703.01
39.2774,2128.76
39.2774,2554.51
39.2774,2980.26
39.2774,3406.02
39.2774,3831.77
39.2774,4257.52
39.2774,4683.27
39.2774,5109.02
39.2774,5534.78
39.2774,5960.53
39.2774,6386.28
39.2774,6812.03
39.2774,7237.79
39.2774,7663.54
39.2774,8089.29
39.2774,8515.04
39.2774,8515.89
39.2774,8516.74
40.3418,-1.70394
40.3418,-0.851969
40.3418,0
40.3418,432.81
40.3418,865.619
40.3418,1298.43
40.3418,1731.24
40.3418,2164.05
40.3418,2596.86
40.3418,3029.67
40.3418,3462.48
40.3418,3895.29
40.3418,4328.1
40.3418,4760.9
40.3418,5193.71
40.3418,5626.52
40.3418,6059.33
40.3418,6492.14
40.3418,6924.95
40.3418,7357.76
40.3418,7790.57
40.3418,8223.38
40.3418,8656.19
40.3418,8657.04
40.3418,8657.89
41.4238,-1.70394
41.4238,-0.851969
41.4238,0
41.4238,439.982
41.4238,879.965
41.4238,1319.95
41.4238,1759.93
41.4238,2199.91
41.4238,2639.89
41.4238,3079.88
41.4238,3519.86
41.4238,3959.84
41.4238,4399.82
41.4238,4839.81
41.4238,5279.79
41.4238,5719.77
41.4238,6159.75
41.4238,6599.74
41.4238,7039.72
41.4238,7479.7
41.4238,7919.68
41.4238,8359.67
41.4238,8799.65
41.4238,8800.5
41.4238,8801.35
42.5238,-1.70394
42.5238,-0.851969
42.5238,0
42.5238,446.895
42.5238,893.789
42.5238,1340.68
42.5238,1787.58
42.5238,2234.47
42.5238,2681.37
42.5238,3128.26
42.5238,3575.16
42.5238,4022.05
42.5238,4468.95
42.5238,4915.84
42.5238,5362.73
42.5238,5809.63
42.5238,6256.52
42.5238,6703.42
42.5238,7150.31
42.5238,7597.21
42.5238,8044.1
42.5238,8491
42.5238,8937.89
42.5238,8938.74
42.5238,8939.59
43.641,-1.70394
43.641,-0.851969
43.641,0
43.641,453.915
43.641,907.831
43.641,1361.75
43.641,1815.66
43.641,2269.58
43.641,2723.49
43.641,3177.41
43.641,3631.32
43.641,4085.24
43.641,4539.15
43.641,4993.07
43.641,5446.98
43.641,5900.9
43.641,6354.81
43.641,6808.73
43.641,7262.65
43.641,7716.56
43.641,8170.48
43.641,8624.39
43.641,9078.31
43.641,9079.16
43.641,9080.01
44.7758,-1.70394
44.7758,-0.851969
44.7758,0
44.7758,461.046
44.7758,922.093
44.7758,1383.14
44.7758,1844.19
44.7758,2305.23
44.7758,2766.28
44.7758,3227.32
44.7758,3688.37
44.7758,4149.42
44.7758,4610.46
44.7758,5071.51
44.7758,5532.56
44.7758,5993.6
44.7758,6454.65
44.7758,6915.7
44.7758,7376.74
44.7758,7837.79
44.7758,8298.83
44.7758,8759.88
44.7758,9220.93
44.7758,9221.78
44.7758,9222.63
45.9284,-1.70394
45.9284,-0.851969
45.9284,0
45.9284,468.289
45.9284,936.579
45.9284,1404.87
45.9284,1873.16
45.9284,2341.45
45.9284,2809.74
45.9284,3278.03
45.9284,3746.32
45.9284,4214.6
45.9284,4682.89
45.9284,5151.18
45.9284,5619.47
45.9284,6087.76
45.9284,6556.05
45.9284,7024.34
45.9284,7492.63
45.9284,7960.92
45.9284,8429.21
45.9284,8897.5
45.9284,9365.79
45.9284,9366.64
45.9284,9367.49
47.0991,-1.70394
47.0991,-0.851969
47.0991,0
47.0991,475.646
47.0991,951.293
47.0991,1426.94
47.0991,1902.59
47.0991,2378.23
47.0991,2853.88
47.0991,3329.52
47.0991,3805.17
47.0991,4280.82
47.0991,4756.46
47.0991,5232.11
47.0991,5707.76
47.0991,6183.4
47.0991,6659.05
47.0991,7134.69
47.0991,7610.34
47.0991,8085.99
47.0991,8561.63
47.0991,9037.28
47.0991,9512.93
47.0991,9513.78
47.0991,9514.63
48.2883,-1.70394
48.2883,-0.851969
48.2883,0
48.2883,482.729
48.2883,965.458
48.2883,1448.19
48.2883,1930.92
48.2883,2413.65
48.2883,2896.38
48.2883,3379.1
48.2883,3861.83
48.2883,4344.56
48.2883,4827.29
48.2883,5310.02
48.2883,5792.75
48.2883,6275.48
48.2883,6758.21
48.2883,7240.94
48.2883,7723.67
48.2883,8206.4
48.2883,8689.13
48.2883,9171.86
48.2883,9654.58
48.2883,9655.44
48.2883,9656.29
49.4951,-1.70394
49.4951,-0.851969
49.4951,0
49.4951,489.873
49.4951,979.747
49.4951,1469.62
49.4951,1959.49
49.4951,2449.37
49.4951,2939.24
49.4951,3429.11
49.4951,3918.99
49.4951,4408.86
49.4951,4898.73
49.4951,5388.61
49.4951,5878.48
49.4951,6368.35
49.4951,6858.23
49.4951,7348.1
49.4951,7837.97
49.4951,8327.85
49.4951,8817.72
49.4951,9307.59
49.4951,9797.46
49.4951,9798.32
49.4951,9799.17
50.7198,-1.70394
50.7198,-0.851969
50.7198,0
50.7198,497.123
50.7198,994.246
50.7198,1491.37
50.7198,1988.49
50.7198,2485.61
50.7198,2982.74
50.7198,3479.86
50.7198,3976.98
50.7198,4474.11
50.7198,4971.23
50.7198,5468.35
50.7198,5965.48
50.7198,6462.6
50.7198,6959.72
50.7198,7456.84
50.7198,7953.97
50.7198,8451.09
50.7198,8948.21
50.7198,9445.34
50.7198,9942.46
50.7198,9943.31
50.7198,9944.16
51.9626,-1.70394
51.9626,-0.851969
51.9626,0
51.9626,504.269
51.9626,1008.54
51.9626,1512.81
51.9626,2017.08
51.9626,2521.35
51.9626,3025.62
51.9626,3529.89
51.9626,4034.15
51.9626,4538.42
51.9626,5042.69
51.9626,5546.96
51.9626,6051.23
51.9626,6555.5
51.9626,7059.77
51.9626,7564.04
51.9626,8068.31
51.9626,8572.58
51.9626,9076.85
51.9626,9581.12
51.9626,10085.4
51.9626,10086.2
51.9626,10087.1
53.2232,-1.70394
53.2232,-0.851969
53.2232,0
53.2232,511.397
53.2232,1022.79
53.2232,1534.19
53.2232,2045.59
53.2232,2556.98
53.2232,3068.38
53.2232,3579.78
53.2232,4091.17
53.2232,4602.57
53.2232,5113.97
53.2232,5625.37
53.2232,6136.76
53.2232,6648.16
53.2232,7159.56
53.2232,7670.95
53.2232,8182.35
53.2232,8693.75
53.2232,9205.14
53.2232,9716.54
53.2232,10227.9
53.2232,10228.8
53.2232,10229.6
54.5017,-1.70394
54.5017,-0.851969
54.5017,0
54.5017,518.625
54.5017,1037.25
54.5017,1555.88
54.5017,2074.5
54.5017,2593.13
54.5017,3111.75
54.5017,3630.38
54.5017,4149
54.5017,4667.63
54.5017,5186.25
54.5017,5704.88
54.5017,6223.5
54.5017,6742.13
54.5017,7260.75
54.5017,7779.38
54.5017,8298
54.5017,8816.63
54.5017,9335.25
54.5017,9853.88
54.5017,10372.5
54.5017,10373.4
54.5017,10374.2
55.7983,-1.70394
55.7983,-0.851969
55.7983,0
55.7983,525.762
55.7983,1051.52
55.7983,1577.29
55.7983,2103.05
55.7983,2628.81
55.7983,3154.57
55.7983,3680.34
55.7983,4206.1
55.7983,4731.86
55.7983,5257.62
55.7983,5783.38
55.7983,6309.15
55.7983,6834.91
55.7983,7360.67
55.7983,7886.43
55.7983,8412.2
55.7983,8937.96
55.7983,9463.72
55.7983,9989.48
55.7983,10515.2
55.7983,10516.1
55.7983,10516.9
57.1127,-1.70394
57.1127,-0.851969
57.1127,0
57.1127,532.818
57.1127,1065.64
57.1127,1598.45
57.1127,2131.27
57.1127,2664.09
57.1127,3196.91
57.1127,3729.73
57.1127,4262.55
57.1127,4795.36
57.1127,5328.18
57.1127,5861
57.1127,6393.82
57.1127,6926.64
57.1127,7459.46
57.1127,7992.27
57.1127,8525.09
57.1127,9057.91
57.1127,9590.73
57.1127,10123.5
57.1127,10656.4
57.1127,10657.2
57.1127,10658.1
58.4447,-1.70394
58.4447,-0.851969
58.4447,0
58.4447,539.969
58.4447,1079.94
58.4447,1619.91
58.4447,2159.88
58.4447,2699.84
58.4447,3239.81
58.4447,3779.78
58.4447,4319.75
58.4447,4859.72
58.4447,5399.69
58.4447,5939.66
58.4447,6479.63
58.4447,7019.6
58.4447,7559.57
58.4447,8099.54
58.4447,8639.5
58.4447,9179.47
58.4447,9719.44
58.4447,10259.4
58.4447,10799.4
58.4447,10800.2
58.4447,10801.1
59.7947,-1.70394
59.7947,-0.851969
59.7947,0
59.7947,547.216
59.7947,1094.43
59.7947,1641.65
59.7947,2188.86
59.7947,2736.08
59.7947,3283.29
59.7947,3830.51
59.7947,4377.73
59.7947,4924.94
59.7947,5472.16
59.7947,6019.37
59.7947,6566.59
59.7947,7113.8
59.7947,7661.02
59.7947,8208.24
59.7947,8755.45
59.7947,9302.67
59.7947,9849.88
59.7947,10397.1
59.7947,10944.3
59.7947,10945.2
59.7947,10946
61.1627,-1.70394
61.1627,-0.851969
61.1627,0
61.1627,554.272
61.1627,1108.54
61.1627,1662.82
61.1627,2217.09
61.1627,2771.36
61.1627,3325.63
61.1627,3879.91
61.1627,4434.18
61.1627,4988.45
61.1627,5542.72
61.1627,6096.99
61.1627,6651.27
61.1627,7205.54
61.1627,7759.81
61.1627,8314.08
61.1627,8868.35
61.1627,9422.63
61.1627,9976.9
61.1627,10531.2
61.1627,11085.4
61.1627,11086.3
61.1627,11087.1
62.5484,-1.70394
62.5484,-0.851969
62.5484,0
62.5484,561.115
62.5484,1122.23
62.5484,1683.34
62.5484,2244.46
62.5484,2805.57
62.5484,3366.69
62.5484,3927.8
62.5484,4488.92
62.5484,5050.03
62.5484,5611.15
62.5484,6172.26
62.5484,6733.38
62.5484,7294.49
62.5484,7855.61
62.5484,8416.72
62.5484,8977.84
62.5484,9538.95
62.5484,10100.1
62.5484,10661.2
62.5484,11222.3
62.5484,11223.1
62.5484,11224
63.9512,-1.70394
63.9512,-0.851969
63.9512,0
63.9512,568.042
63.9512,1136.08
63.9512,1704.13
63.9512,2272.17
63.9512,2840.21
63.9512,3408.25
63.9512,3976.29
63.9512,4544.33
63.9512,5112.38
63.9512,5680.42
63.9512,6248.46
63.9512,6816.5
63.9512,7384.54
63.9512,7952.58
63.9512,8520.63
63.9512,9088.67
63.9512,9656.71
63.9512,10224.8
63.9512,10792.8
63.9512,11360.8
63.9512,11361.7
63.9512,11362.5
65.3713,-1.70394
65.3713,-0.851969
65.3713,0
65.3713,575.054
65.3713,1150.11
65.3713,1725.16
65.3713,2300.22
65.3713,2875.27
65.3713,3450.33
65.3713,4025.38
65.3713,4600.43
65.3713,5175.49
65.3713,5750.54
65.3713,6325.6
65.3713,6900.65
65.3713,7475.71
65.3713,8050.76
65.3713,8625.81
65.3713,9200.87
65.3713,9775.92
65.3713,10351
65.3713,10926
65.3713,11501.1
65.3713,11501.9
65.3713,11502.8
66.8089,-1.70394
66.8089,-0.851969
66.8089,0
66.8089,582.153
66.8089,1164.31
66.8089,1746.46
66.8089,2328.61
66.8089,2910.77
66.8089,3492.92
66.8089,4075.07
66.8089,4657.23
66.8089,5239.38
66.8089,5821.53
66.8089,6403.69
66.8089,6985.84
66.8089,7567.99
66.8089,8150.15
66.8089,8732.3
66.8089,9314.46
66.8089,9896.61
66.8089,10478.8
66.8089,11060.9
66.8089,11643.1
66.8089,11643.9
66.8089,11644.8
68.2643,-1.70394
68.2643,-0.851969
68.2643,0
68.2643,589.34
68.2643,1178.68
68.2643,1768.02
68.2643,2357.36
68.2643,2946.7
68.2643,3536.04
68.2643,4125.38
68.2643,4714.72
68.2643,5304.06
68.2643,5893.4
68.2643,6482.74
68.2643,7072.08
68.2643,7661.42
68.2643,8250.76
68.2643,8840.1
68.2643,9429.44
68.2643,10018.8
68.2643,10608.1
68.2643,11197.5
68.2643,11786.8
68.2643,11787.7
68.2643,11788.5
69.7376,-1.70394
69.7376,-0.851969
69.7376,0
69.7376,596.616
69.7376,1193.23
69.7376,1789.85
69.7376,2386.46
69.7376,2983.08
69.7376,3579.69
69.7376,4176.31
69.7376,4772.93
69.7376,5369.54
69.7376,5966.16
69.7376,6562.77
69.7376,7159.39
69.7376,7756
69.7376,8352.62
69.7376,8949.24
69.7376,9545.85
69.7376,10142.5
69.7376,10739.1
69.7376,11335.7
69.7376,11932.3
69.7376,11933.2
69.7376,11934
71.2292,-1.70394
71.2292,-0.851969
71.2292,0
71.2292,603.936
71.2292,1207.87
71.2292,1811.81
71.2292,2415.75
71.2292,3019.68
71.2292,3623.62
71.2292,4227.55
71.2292,4831.49
71.2292,5435.43
71.2292,6039.36
71.2292,6643.3
71.2292,7247.24
71.2292,7851.17
71.2292,8455.11
71.2292,9059.04
71.2292,9662.98
71.2292,10266.9
71.2292,10870.9
71.2292,11474.8
71.2292,12078.7
71.2292,12079.6
71.2292,12080.4
72.739,-1.70394
72.739,-0.851969
72.739,0
72.739,610.83
72.739,1221.66
72.739,1832.49
72.739,2443.32
72.739,3054.15
72.739,3664.98
72.739,4275.81
72.739,4886.64
72.739,5497.47
72.739,6108.3
72.739,6719.14
72.739,7329.97
72.739,7940.8
72.739,8551.63
72.739,9162.46
72.739,9773.29
72.739,10384.1
72.739,10994.9
72.739,11605.8
72.739,12216.6
72.739,12217.5
72.739,12218.3
74.2661,-1.70394
74.2661,-0.851969
74.2661,0
74.2661,617.803
74.2661,1235.61
74.2661,1853.41
74.2661,2471.21
74.2661,3089.02
74.2661,3706.82
74.2661,4324.62
74.2661,4942.43
74.2661,5560.23
74.2661,6178.03
74.2661,6795.84
74.2661,7413.64
74.2661,8031.44
74.2661,8649.25
74.2661,9267.05
74.2661,9884.85
74.2661,10502.7
74.2661,11120.5
74.2661,11738.3
74.2661,12356.1
74.2661,12356.9
74.2661,12357.8
75.8106,-1.70394
75.8106,-0.851969
75.8106,0
75.8106,624.856
75.8106,1249.71
75.8106,1874.57
75.8106,2499.42
75.8106,3124.28
75.8106,3749.13
75.8106,4373.99
75.8106,4998.85
75.8106,5623.7
75.8106,6248.56
75.8106,6873.41
75.8106,7498.27
75.8106,8123.12
75.8106,8747.98
75.8106,9372.83
75.8106,9997.69
75.8106,10622.5
75.8106,11247.4
75.8106,11872.3
75.8106,12497.1
75.8106,12498
75.8106,12498.8
77.3728,-1.70394
77.3728,-0.851969
77.3728,0
77.3728,631.535
77.3728,1263.07
77.3728,1894.61
77.3728,2526.14
77.3728,3157.68
77.3728,3789.21
77.3728,4420.75
77.3728,5052.28
77.3728,5683.82
77.3728,6315.35
77.3728,6946.89
77.3728,7578.42
77.3728,8209.96
77.3728,8841.49
77.3728,9473.03
77.3728,10104.6
77.3728,10736.1
77.3728,11367.6
77.3728,11999.2
77.3728,12630.7
77.3728,12631.6
77.3728,12632.4
78.9516,-1.70394
78.9516,-0.851969
78.9516,0
78.9516,638.122
78.9516,1276.24
78.9516,1914.37
78.9516,2552.49
78.9516,3190.61
78.9516,3828.73
78.9516,4466.86
78.9516,5104.98
78.9516,5743.1
78.9516,6381.22
78.9516,7019.35
78.9516,7657.47
78.9516,8295.59
78.9516,8933.71
78.9516,9571.84
78.9516,10210
78.9516,10848.1
78.9516,11486.2
78.9516,12124.3
78.9516,12762.4
78.9516,12763.3
78.9516,12764.2
80.5469,-1.70394
80.5469,-0.851969
80.5469,0
80.5469,644.778
80.5469,1289.56
80.5469,1934.34
80.5469,2579.11
80.5469,3223.89
80.5469,3868.67
80.5469,4513.45
80.5469,5158.23
80.5469,5803.01
80.5469,6447.78
80.5469,7092.56
80.5469,7737.34
80.5469,8382.12
80.5469,9026.9
80.5469,9671.68
80.5469,10316.5
80.5469,10961.2
80.5469,11606
80.5469,12250.8
80.5469,12895.6
80.5469,12896.4
80.5469,12897.3
82.1588,-1.70394
82.1588,-0.851969
82.1588,0
82.1588,651.504
82.1588,1303.01
82.1588,1954.51
82.1588,2606.02
82.1588,3257.52
82.1588,3909.02
82.1588,4560.53
82.1588,5212.03
82.1588,5863.54
82.1588,6515.04
82.1588,7166.54
82.1588,7818.05
82.1588,8469.55
82.1588,9121.05
82.1588,9772.56
82.1588,10424.1
82.1588,11075.6
82.1588,11727.1
82.1588,12378.6
82.1588,13030.1
82.1588,13030.9
82.1588,13031.8
83.7876,-1.70394
83.7876,-0.851969
83.7876,0
83.7876,658.3
83.7876,1316.6
83.7876,1974.9
83.7876,2633.2
83.7876,3291.5
83.7876,3949.8
83.7876,4608.1
83.7876,5266.4
83.7876,5924.7
83.7876,6583
83.7876,7241.3
83.7876,7899.59
83.7876,8557.89
83.7876,9216.19
83.7876,9874.49
83.7876,10532.8
83.7876,11191.1
83.7876,11849.4
83.7876,12507.7
83.7876,13166
83.7876,13166.8
83.7876,13167.7
85.4334,-1.70394
85.4334,-0.851969
85.4334,0
85.4334,665.166
85.4334,1330.33
85.4334,1995.5
85.4334,2660.66
85.4334,3325.83
85.4334,3991
85.4334,4656.16
85.4334,5321.33
85.4334,5986.49
85.4334,6651.66
85.4334,7316.83
85.4334,7981.99
85.4334,8647.16
85.4334,9312.33
85.4334,9977.49
85.4334,10642.7
85.4334,11307.8
85.4334,11973
85.4334,12638.2
85.4334,13303.3
85.4334,13304.2
85.4334,13305
87.0963,-1.70394
87.0963,-0.851969
87.0963,0
87.0963,672.104
87.0963,1344.21
87.0963,2016.31
87.0963,2688.42
87.0963,3360.52
87.0963,4032.63
87.0963,4704.73
87.0963,5376.83
87.0963,6048.94
87.0963,6721.04
87.0963,7393.15
87.0963,8065.25
87.0963,8737.36
87.0963,9409.46
87.0963,10081.6
87.0963,10753.7
87.0963,11425.8
87.0963,12097.9
87.0963,12770
87.0963,13442.1
87.0963,13442.9
87.0963,13443.8
88.7765,-1.70394
88.7765,-0.851969
88.7765,0
88.7765,679.115
88.7765,1358.23
88.7765,2037.34
88.7765,2716.46
88.7765,3395.57
88.7765,4074.69
88.7765,4753.8
88.7765,5432.92
88.7765,6112.03
88.7765,6791.15
88.7765,7470.26
88.7765,8149.38
88.7765,8828.49
88.7765,9507.61
88.7765,10186.7
88.7765,10865.8
88.7765,11545
88.7765,12224.1
88.7765,12903.2
88.7765,13582.3
88.7765,13583.1
88.7765,13584
90.4743,-1.70394
90.4743,-0.851969
90.4743,0
90.4743,686.198
90.4743,1372.4
90.4743,2058.6
90.4743,2744.79
90.4743,3430.99
90.4743,4117.19
90.4743,4803.39
90.4743,5489.59
90.4743,6175.79
90.4743,6861.98
90.4743,7548.18
90.4743,8234.38
90.4743,8920.58
90.4743,9606.78
90.4743,10293
90.4743,10979.2
90.4743,11665.4
90.4743,12351.6
90.4743,13037.8
90.4743,13724
90.4743,13724.8
90.4743,13725.7
92.1898,-1.70394
92.1898,-0.851969
92.1898,0
92.1898,692.487
92.1898,1384.97
92.1898,2077.46
92.1898,2769.95
92.1898,3462.44
92.1898,4154.92
92.1898,4847.41
92.1898,5539.9
92.1898,6232.39
92.1898,6924.87
92.1898,7617.36
92.1898,8309.85
92.1898,9002.33
92.1898,9694.82
92.1898,10387.3
92.1898,11079.8
92.1898,11772.3
92.1898,12464.8
92.1898,13157.3
92.1898,13849.7
92.1898,13850.6
92.1898,13851.4
93.921,-1.70394
93.921,-0.851969
93.921,0
93.921,698.74
93.921,1397.48
93.921,2096.22
93.921,2794.96
93.921,3493.7
93.921,4192.44
93.921,4891.18
93.921,5589.92
93.921,6288.66
93.921,6987.4
93.921,7686.14
93.921,8384.88
93.921,9083.62
93.921,9782.36
93.921,10481.1
93.921,11179.8
93.921,11878.6
93.921,12577.3
93.921,13276.1
93.921,13974.8
93.921,13975.7
93.921,13976.5
95.6679,-1.70394
95.6679,-0.851969
95.6679,0
95.6679,705.05
95.6679,1410.1
95.6679,2115.15
95.6679,2820.2
95.6679,3525.25
95.6679,4230.3
95.6679,4935.35
95.6679,5640.4
95.6679,6345.45
95.6679,7050.5
95.6679,7755.55
95.6679,8460.6
95.6679,9165.65
95.6679,9870.7
95.6679,10575.7
95.6679,11280.8
95.6679,11985.8
95.6679,12690.9
95.6679,13395.9
95.6679,14101
95.6679,14101.8
95.6679,14102.7
97.4305,-1.70394
97.4305,-0.851969
97.4305,0
97.4305,711.416
97.4305,1422.83
97.4305,2134.25
97.4305,2845.67
97.4305,3557.08
97.4305,4268.5
97.4305,4979.91
97.4305,5691.33
97.4305,6402.75
97.4305,7114.16
97.4305,7825.58
97.4305,8537
97.4305,9248.41
97.4305,9959.83
97.4305,10671.2
97.4305,11382.7
97.4305,12094.1
97.4305,12805.5
97.4305,13516.9
97.4305,14228.3
97.4305,14229.2
97.4305,14230
99.209,-1.70394
99.209,-0.851969
99.209,0
99.209,717.84
99.209,1435.68
99.209,2153.52
99.209,2871.36
99.209,3589.2
99.209,4307.04
99.209,5024.88
99.209,5742.72
99.209,6460.56
99.209,7178.4
99.209,7896.24
99.209,8614.08
99.209,9331.92
99.209,10049.8
99.209,10767.6
99.209,11485.4
99.209,12203.3
99.209,12921.1
99.209,13639
99.209,14356.8
99.209,14357.7
99.209,14358.5
101.004,-1.70394
101.004,-0.851969
101.004,0
101.004,724.322
101.004,1448.64
101.004,2172.97
101.004,2897.29
101.004,3621.61
101.004,4345.93
101.004,5070.26
101.004,5794.58
101.004,6518.9
101.004,7243.22
101.004,7967.54
101.004,8691.87
101.004,9416.19
101.004,10140.5
101.004,10864.8
101.004,11589.2
101.004,12313.5
101.004,13037.8
101.004,13762.1
101.004,14486.4
101.004,14487.3
101.004,14488.1
102.814,-1.70394
102.814,-0.851969
102.814,0
102.814,730.863
102.814,1461.73
102.814,2192.59
102.814,2923.45
102.814,3654.31
102.814,4385.18
102.814,5116.04
102.814,5846.9
102.814,6577.76
102.814,7308.63
102.814,8039.49
102.814,8770.35
102.814,9501.22
102.814,10232.1
102.814,10962.9
102.814,11693.8
102.814,12424.7
102.814,13155.5
102.814,13886.4
102.814,14617.3
102.814,14618.1
102.814,14619
104.642,-1.70394
104.642,-0.851969
104.642,0
104.642,737.462
104.642,1474.92
104.642,2212.39
104.642,2949.85
104.642,3687.31
104.642,4424.77
104.642,5162.24
104.642,5899.7
104.642,6637.16
104.642,7374.62
104.642,8112.09
104.642,8849.55
104.642,9587.01
104.642,10324.5
104.642,11061.9
104.642,11799.4
104.642,12536.9
104.642,13274.3
104.642,14011.8
104.642,14749.2
104.642,14750.1
104.642,14750.9
106.485,-1.70394
106.485,-0.851969
106.485,0
106.485,743.936
106.485,1487.87
106.485,2231.81
106.485,2975.74
106.485,3719.68
106.485,4463.62
106.485,5207.55
106.485,5951.49
106.485,6695.42
106.485,7439.36
106.485,8183.29
106.485,8927.23
106.485,9671.17
106.485,10415.1
106.485,11159
106.485,11903
106.485,12646.9
106.485,13390.8
106.485,14134.8
106.485,14878.7
106.485,14879.6
106.485,14880.4
108.345,-1.70394
108.345,-0.851969
108.345,0
108.345,750.361
108.345,1500.72
108.345,2251.08
108.345,3001.44
108.345,3751.8
108.345,4502.16
108.345,5252.52
108.345,6002.88
108.345,6753.25
108.345,7503.61
108.345,8253.97
108.345,9004.33
108.345,9754.69
108.345,10505
108.345,11255.4
108.345,12005.8
108.345,12756.1
108.345,13506.5
108.345,14256.9
108.345,15007.2
108.345,15008.1
108.345,15008.9
110.221,-1.70394
110.221,-0.851969
110.221,0
110.221,756.841
110.221,1513.68
110.221,2270.52
110.221,3027.36
110.221,3784.2
110.221,4541.04
110.221,5297.88
110.221,6054.73
110.221,6811.57
110.221,7568.41
110.221,8325.25
110.221,9082.09
110.221,9838.93
110.221,10595.8
110.221,11352.6
110.221,12109.5
110.221,12866.3
110.221,13623.1
110.221,14380
110.221,15136.8
110.221,15137.7
110.221,15138.5
112.113,-1.70394
112.113,-0.851969
112.113,0
112.113,763.377
112.113,1526.75
112.113,2290.13
112.113,3053.51
112.113,3816.88
112.113,4580.26
112.113,5343.64
112.113,6107.01
112.113,6870.39
112.113,7633.77
112.113,8397.15
112.113,9160.52
112.113,9923.9
112.113,10687.3
112.113,11450.7
112.113,12214
112.113,12977.4
112.113,13740.8
112.113,14504.2
112.113,15267.5
112.113,15268.4
112.113,15269.2
114.022,-1.70394
114.022,-0.851969
114.022,0
114.022,769.543
114.022,1539.09
114.022,2308.63
114.022,3078.17
114.022,3847.72
114.022,4617.26
114.022,5386.8
114.022,6156.35
114.022,6925.89
114.022,7695.43
114.022,8464.98
114.022,9234.52
114.022,10004.1
114.022,10773.6
114.022,11543.1
114.022,12312.7
114.022,13082.2
114.022,13851.8
114.022,14621.3
114.022,15390.9
114.022,15391.7
114.022,15392.6
115.945,-1.70394
115.945,-0.851969
115.945,0
115.945,775.315
115.945,1550.63
115.945,2325.94
115.945,3101.26
115.945,3876.57
115.945,4651.89
115.945,5427.2
115.945,6202.52
115.945,6977.83
115.945,7753.15
115.945,8528.46
115.945,9303.78
115.945,10079.1
115.945,10854.4
115.945,11629.7
115.945,12405
115.945,13180.4
115.945,13955.7
115.945,14731
115.945,15506.3
115.945,15507.1
115.945,15508
117.884,-1.70394
117.884,-0.851969
117.884,0
117.884,781.13
117.884,1562.26
117.884,2343.39
117.884,3124.52
117.884,3905.65
117.884,4686.78
117.884,5467.91
117.884,6249.04
117.884,7030.17
117.884,7811.3
117.884,8592.43
117.884,9373.56
117.884,10154.7
117.884,10935.8
117.884,11716.9
117.884,12498.1
117.884,13279.2
117.884,14060.3
117.884,14841.5
117.884,15622.6
117.884,15623.4
117.884,15624.3
119.837,-1.70394
119.837,-0.851969
119.837,0
119.837,786.988
119.837,1573.98
119.837,2360.96
119.837,3147.95
119.837,3934.94
119.837,4721.93
119.837,5508.92
119.837,6295.9
119.837,7082.89
119.837,7869.88
119.837,8656.87
119.837,9443.86
119.837,10230.8
119.837,11017.8
119.837,11804.8
119.837,12591.8
119.837,13378.8
119.837,14165.8
119.837,14952.8
119.837,15739.8
119.837,15740.6
119.837,15741.5
121.804,-1.70394
121.804,-0.851969
121.804,0
121.804,792.891
121.804,1585.78
121.804,2378.67
121.804,3171.56
121.804,3964.45
121.804,4757.34
121.804,5550.23
121.804,6343.12
121.804,7136.01
121.804,7928.91
121.804,8721.8
121.804,9514.69
121.804,10307.6
121.804,11100.5
121.804,11893.4
121.804,12686.2
121.804,13479.1
121.804,14272
121.804,15064.9
121.804,15857.8
121.804,15858.7
121.804,15859.5
123.786,-1.70394
123.786,-0.851969
123.786,0
123.786,798.837
123.786,1597.67
123.786,2396.51
123.786,3195.35
123.786,3994.19
123.786,4793.02
123.786,5591.86
123.786,6390.7
123.786,7189.53
123.786,7988.37
123.786,8787.21
123.786,9586.05
123.786,10384.9
123.786,11183.7
123.786,11982.6
123.786,12781.4
123.786,13580.2
123.786,14379.1
123.786,15177.9
123.786,15976.7
123.786,15977.6
123.786,15978.4
125.783,-1.70394
125.783,-0.851969
125.783,0
125.783,804.828
125.783,1609.66
125.783,2414.49
125.783,3219.31
125.783,4024.14
125.783,4828.97
125.783,5633.8
125.783,6438.63
125.783,7243.46
125.783,8048.28
125.783,8853.11
125.783,9657.94
125.783,10462.8
125.783,11267.6
125.783,12072.4
125.783,12877.3
125.783,13682.1
125.783,14486.9
125.783,15291.7
125.783,16096.6
125.783,16097.4
125.783,16098.3
127.795,-1.70394
127.795,-0.851969
127.795,0
127.795,810.865
127.795,1621.73
127.795,2432.59
127.795,3243.46
127.795,4054.32
127.795,4865.19
127.795,5676.05
127.795,6486.92
127.795,7297.78
127.795,8108.65
127.795,8919.51
127.795,9730.38
127.795,10541.2
127.795,11352.1
127.795,12163
127.795,12973.8
127.795,13784.7
127.795,14595.6
127.795,15406.4
127.795,16217.3
127.795,16218.1
127.795,16219
128.647,-1.70394
128.647,-0.851969
128.647,0
128.647,810.865
128.647,1621.73
128.647,2432.59
128.647,3243.46
128.647,4054.32
128.647,4865.19
128.647,5676.05
128.647,6486.92
128.647,7297.78
128.647,8108.65
128.647,8919.51
128.647,9730.38
128.647,10541.2
128.647,11352.1
128.647,12163
128.647,12973.8
128.647,13784.7
128.647,14595.6
128.647,15406.4
128.647,16217.3
128.647,16218.1
128.647,16219
129.499,-1.70394
129.499,-0.851969
129.499,0
129.499,810.865
129.499,1621.73
129.499,2432.59
129.499,3243.46
129.499,4054.32
129.499,4865.19
129.499,5676.05
129.499,6486.92
129.499,7297.78
129.499,8108.65
129.499,8919.51
129.499,9730.38
129.499,10541.2
129.499,11352.1
129.499,12163
129.499,12973.8
129.499,13784.7
129.499,14595.6
129.499,15406.4
129.499,16217.3
129.499,16218.1
129.499,16219
